GEOGRAPHYCODE,Latitude,Longitude,Predicted Price,Predicted Price Difference
W00002269,1.0,0.9867619973915372,113.23795046728556,-10.262049532714443
W00002270,0.9859452683465801,0.9846085788233208,100.94163583338897,-6.915507023753889
W00002271,0.987158748063661,1.0,105.1685375538191,-41.254844799122026
W00002327,0.9336845165203344,0.8949944548659864,95.03167706284488,16.031677062844878
W00002328,0.933890456284557,0.908906190219472,92.13598240680261,-51.06270806938787
W00002329,0.9261387399186989,0.8859687771060442,108.11076466324315,-25.341508064029597
W00002332,0.959251418704098,0.8378519666021986,102.65542873603479,-4.7242008935948405
W00002684,0.9401863791529554,0.9487832291891816,93.06132872074534,10.264728720745325
W00002685,0.8966056691506362,0.9135473900680628,93.58443144697378,1.9935223560647017
W00002686,0.9435537974398482,0.9390916856351298,104.89749132908022,-7.226751095162214
W00002687,0.9248016647158385,0.9428309594031877,120.51213711613497,-31.14786288386503
W00002688,0.9072025228274124,0.908057123916709,95.50476122289356,-47.097802879670525
W00002689,0.9234676257325467,0.9268242061786216,120.00838042969379,-22.248343708237243
W00002690,0.9028239733844784,0.9237834362486599,108.03312504060322,-14.533541626063467
W00002691,0.9040021491420038,0.8852324801562598,91.97437359456819,-50.863126405431814
W00002695,0.9641632715748807,0.9498075276963991,107.78307118534924,-4.478254396046097
W00002696,0.9522702484840847,0.946533670063473,108.68493780363002,-3.3705807148885043
W00002697,0.9295927446821752,0.9612235018098392,115.95162155298208,-19.460089558129013
W00002698,0.9977961315444771,0.943838899842576,101.53617065344667,0.920084939160958
W00002699,0.976056403923678,0.9707429017981035,79.7018099492668,-0.2788352120235089
W00002700,0.9780469463255597,0.9658059542510609,69.05950961547609,19.202366758333234
W00002701,0.9696348390203836,0.977707408230833,104.29138843287832,-8.686872436686897
W00002702,0.9619453361644946,0.9600635047358148,94.79068877390857,6.544260202480004
W00002703,0.960832134715651,0.9649528150696848,101.6895180845384,-9.734093026572722
W00003960,0.3190659409288862,0.4445123635620139,70.31012104533063,4.9413710453306265
W00003961,0.368562392720002,0.5003784722453414,87.02015254008474,-15.356876871679958
W00003962,0.36983220854275034,0.48987121874883727,88.54279516681589,-20.303358679337947
W00003963,0.37239155782535704,0.518395894798194,90.07517203485938,-23.20191129847393
W00003964,0.3770128085769986,0.47372220348311345,99.23102748577644,-4.578602143853203
W00003965,0.36890221210966656,0.4733922075154959,73.75838585110907,5.582209380520837
W00003966,0.3567498380739576,0.4863801688879943,110.07330937535687,-13.565301735754247
W00003967,0.36336707705108345,0.4744432576643262,85.06104514163661,4.6562832368747
W00003968,0.3583618018455032,0.462445175928288,84.55077089668238,0.020125735392056754
W00003969,0.35084130730671254,0.46111544808239313,74.59164818589055,4.014725108967468
W00003970,0.346429063507221,0.46941601594504073,89.772987447281,-10.00492431742488
W00003971,0.34360234306691945,0.450265206651042,76.68807592087622,-12.997861579123779
W00003972,0.34085584524119483,0.45861969117768997,73.63161171896101,3.331611718961014
W00003973,0.33434910014605884,0.43363115794210133,94.19940801746095,-9.072452447655323
W00003974,0.36454517160352684,0.41231095932375733,92.0863835968714,-6.944568784080985
W00003975,0.33015198515561245,0.44656119679403744,82.79913860266558,0.6935830471100104
W00003976,0.3183826966387813,0.4251666747595794,88.09421466430408,18.84921466430407
W00003977,0.32464426700183674,0.4371070505078416,68.92102395675295,10.921023956752947
W00003978,0.31789970842579945,0.4100269188147669,86.10919134533353,14.459524678666853
W00003980,0.36810719698580074,0.4661089106868835,72.48132246837696,2.781322468376956
W00003981,0.27048138290222545,0.35326154946640215,76.65042822976271,-7.449571770237284
W00003982,0.2219938732070633,0.31817479316923514,111.9538320918767,0.03932389515540535
W00003983,0.21192323094970394,0.31325895756893973,125.54280131047508,5.111166695090489
W00003984,0.21220190688596804,0.3040920420248989,118.95358415667883,9.634493247587898
W00003986,0.2870290247909087,0.3393901343223252,61.7569648907777,-7.485459351646533
W00003987,0.2806412615510852,0.33706782018013026,69.18427656271102,-1.0809961645616966
W00003988,0.22679100528080454,0.31552616411680307,116.44702585886557,0.8020258588655764
W00003989,0.21824664583772363,0.3069948444806473,105.58651232520015,1.4161508794170317
W00003990,0.22832880569894204,0.3658464711444145,115.29772668791489,16.355319280507487
W00003991,0.21772785289976082,0.3671685842539629,154.7304786935136,47.348750298451876
W00003992,0.22991848541077978,0.3708507242994674,100.34909366563251,11.098893665632517
W00003993,0.2280100685319,0.30823990800676376,106.82871214749723,9.661973685958742
W00003995,0.22296135192920757,0.30425390028329385,94.10587940507273,18.653500764296027
W00003996,0.22925945180922136,0.3392606420173765,113.019101040716,-24.457689656958408
W00003997,0.2194469178677463,0.3229678817458141,118.4413315966618,0.26440177210039906
W00003998,0.21752354062307505,0.3351726169605899,133.5151803492887,19.9887097610534
W00003999,0.21476572549962958,0.3588287156904497,150.50314812720598,10.268206379633142
W00004001,0.29291426996778686,0.34848180472282914,80.26346448222071,-5.191080972324741
W00004002,0.3068901310732147,0.3480682270993706,80.65140479974815,-5.971303533585186
W00004003,0.3018969083798824,0.3292282014093233,78.24078208532677,-57.06575637621171
W00004004,0.2983974631368475,0.339317460505635,73.21649627546634,0.03753075822496044
W00004005,0.2950340098387337,0.3318504626737253,73.30590277980254,4.998759922659687
W00004006,0.2871537153715281,0.35049880763514163,56.06697160923991,20.566971609239907
W00004007,0.28815769989015305,0.32906704196129305,75.56576642920433,7.332787705800072
W00004008,0.2777052115082961,0.3460606974964965,63.73074768754306,2.27574768754306
W00004009,0.2567592596169506,0.34897513858955365,78.63560066119568,-47.331066005471
W00004010,0.26538394182766156,0.3316106526119581,78.32355263828832,-8.308265543529856
W00004011,0.2701882849229223,0.3481223602961587,77.59660728621178,22.59660728621178
W00004012,0.26028439753850247,0.3131025126302215,85.90307496184549,-0.9135196327491144
W00004013,0.26493775987044776,0.33661066533325795,79.06853448895373,0.6729462536596174
W00004014,0.26508423374522144,0.35252230653106525,75.83997163502617,-1.4933616983071545
W00004015,0.26713987564707725,0.3411175246318202,82.77883483213814,-4.875054056750741
W00004016,0.2597108959823131,0.32661767720623874,89.01417459186565,-7.775299092344866
W00004017,0.25665699617174226,0.337861026179345,80.94440475110058,2.78842914134448
W00004018,0.24435691715875424,0.33283327546740304,116.67634294514029,-0.406990388193023
W00004019,0.25270493787578435,0.3240839729305863,107.08411049523534,-3.4685210837120195
W00004020,0.2576630785396071,0.319393060762943,84.98410453497975,-11.727433926558732
W00004021,0.25272183870748777,0.31098806996369177,104.7835645133229,4.426746331504731
W00004022,0.2490021534342159,0.30954271360945856,110.0131159321799,5.140502295816248
W00004023,0.247194891162972,0.3246491235050501,114.05103325802848,7.891942348937562
W00004025,0.2464987271259446,0.31133235709526247,136.23222827661377,-8.931271723386232
W00004026,0.23998717468313957,0.31098612116860774,104.29685792653687,12.245072212251145
W00004027,0.24011095022882692,0.3171461147942726,116.42388664056774,-1.336113359432261
W00004028,0.23404349018596676,0.31138464976335606,127.39472998303876,-2.260412874104105
W00004029,0.23515352127197692,0.33071547620328273,116.417402915678,3.4072305018848965
W00004030,0.6016744378300651,0.5031008307117989,124.56445978372642,-13.25774021627359
W00004031,0.5902214684987687,0.5481541117360688,168.2244333311444,-28.532839396128395
W00004032,0.5883640939201505,0.49154231053367525,116.33431839155777,-9.086734240021187
W00004033,0.6029752385109737,0.5088764368100759,115.29822336289912,0.8233796128991173
W00004034,0.5975863680788847,0.5275001318336684,133.55517442499834,-48.190979421155504
W00004035,0.599799250311363,0.49130126314169636,115.26674783499146,-16.632152165008534
W00004036,0.5751910945468934,0.5017088996587012,100.57958339347424,9.90048964347423
W00004037,0.591399483295988,0.5292076475266293,134.13004688608837,-4.104163640227426
W00004038,0.5849561350985073,0.46944568093688427,83.89743024512607,11.134096911792739
W00004039,0.5890100812656685,0.5145721964430907,113.15823307944605,15.308233079446055
W00004040,0.5917919581657943,0.47633602489001003,89.22412380218405,12.53181610987636
W00004041,0.5859596689282813,0.5002626272042195,102.59368608386498,2.4290610838649798
W00004042,0.5766071242317313,0.47488904453987296,92.36135271540074,-24.929718713170686
W00004043,0.5689119126505033,0.48399711729900347,110.9289253043792,-4.2557413622874805
W00004044,0.5821419051776344,0.5063297212339113,110.9422461155084,1.7752006609629376
W00004045,0.5759998210121351,0.4645441906337332,86.98977598653137,21.78712892770784
W00004046,0.5558542549534122,0.5659050829610185,147.35186463001284,-53.12667108427286
W00004047,0.618610873962933,0.48581902417009243,117.8333756433607,-15.793330238992255
W00004048,0.6173775639366654,0.5013569297772805,110.66048630025247,-29.790638699747518
W00004049,0.6132954497166546,0.5242804439550083,93.63136700078968,19.05386700078968
W00004050,0.604237891600304,0.47412031447891784,104.97555515445347,-9.370598691700366
W00004051,0.6079130981767908,0.5009582387829385,97.63669855046427,2.9261530959188207
W00004052,0.6089861132035642,0.5630728341050822,118.27410128681576,-77.75579871318423
W00004053,0.6096944458394399,0.4911996473980084,97.79043046411118,7.5406255860624185
W00004054,0.6036311785685079,0.5484076097633106,138.30096641337644,-4.227433586623562
W00004055,0.2837659302410731,0.2121897271726305,132.4064135568526,-2.954003109814039
W00004056,0.36306173535805414,0.1665953461798988,112.77398717932722,9.585600082553029
W00004057,0.3478189879073933,0.2522169574079462,80.88738763352096,0.2192058153391372
W00004058,0.3451085451892984,0.2590908448692528,76.69939218302015,9.964098065373094
W00004059,0.31863598377008334,0.27058759906984003,108.71073172209002,-7.0542682779099835
W00004060,0.32348359299452534,0.07458103747678906,114.91693706605766,-14.865495366374788
W00004061,0.3259551706243573,0.27078767536516757,98.5591309473918,-0.05199808486626978
W00004062,0.32705620347441683,0.2843715891011034,97.87131366835838,-2.035430517688141
W00004063,0.33277409285997295,0.22531384126836335,121.4938888209913,-13.256111179008698
W00004064,0.3198860658598158,0.08395390663466415,112.12115977405978,-26.61436654172968
W00004065,0.31647402937718877,0.1015924741431422,96.71034598154654,-27.72020957400902
W00004066,0.3198147604460234,0.10823299339309718,86.01527101292818,-3.0638956537384843
W00004067,0.32074717421021987,0.24937337010788793,99.84815690761937,-3.67107386161139
W00004068,0.3238585661141177,0.24010064877012377,106.80441015143477,8.604410151434763
W00004069,0.3264027046481561,0.13434441152965446,73.99160871196456,5.559108711964555
W00004070,0.3235128233853512,0.23203774110800032,121.9483189595946,11.51195532323095
W00004071,0.30423072019978364,0.24559774998116143,86.74610071686392,-35.81821967148559
W00004072,0.3130300154479158,0.21579376074848694,140.59383334525663,-7.16188094045765
W00004073,0.3096654729850815,0.22891391538753966,144.02201364270556,-10.462696502222002
W00004074,0.3131701582175469,0.2766521565726023,99.29680382078551,-0.7515785321556478
W00004075,0.29049125406104703,0.22941922171295487,139.546659918093,20.396508974696786
W00004076,0.292531184448909,0.2153059433122881,134.56275088140669,6.816033490102313
W00004077,0.2818667596373547,0.23145611857508572,131.6029950899449,23.12252286772268
W00004078,0.3714533112824797,0.17823578792915873,124.73489052480342,-1.1088787059658216
W00004079,0.3403569970731286,0.14992711622384208,98.81235641862746,7.783088125944545
W00004080,0.3645641388173475,0.2139195148094167,88.91339583286684,0.15430492377592486
W00004081,0.36054914504323177,0.22386764971624087,83.19805812494916,2.7296434908028147
W00004082,0.3565053393751375,0.23364364105727897,86.64208818939099,-3.5575784772756975
W00004083,0.3533488273719695,0.21131369738232902,84.6572992432152,5.8662278146437785
W00004084,0.35770734701249185,0.19633514025514986,109.27280049146806,9.237506373820992
W00004085,0.3354001440916594,0.0824228264966619,125.60759211732737,-18.91968060994536
W00004086,0.3347798835677498,0.11169778865349655,95.66139457015883,-28.854230429841166
W00004087,0.3286916406232838,0.21379556912205538,117.36102647008653,-17.470497339437287
W00004088,0.34162922730040596,0.24352322013702857,102.08714159923234,-7.76762030552959
W00004089,0.3418597224529383,0.22395696949094018,103.5600893993548,5.943561621577018
W00004090,0.33707877225489385,0.2694170228224989,105.2148037997478,28.88147046641447
W00004091,0.340513450486695,0.07503352913542535,139.55817316957553,4.395673169575531
W00004092,0.3390236448538078,0.16974979582311775,87.62361988841575,22.052191316987177
W00004093,0.3320949047694628,0.2718692566369867,102.1371251959931,20.30645852932642
W00004094,0.32462023026336356,0.25817003919189274,94.0733097834445,-14.366690216555497
W00004095,0.32277353271809167,0.12401579758255184,82.46630038014374,7.771300380143742
W00004096,0.3312543700721928,0.24993881595432998,100.30078891395475,-9.501086086045248
W00004097,0.3285021635210652,0.10418193561148378,92.87269832682745,-25.153772261407852
W00004098,0.34834809661219385,0.32045206849170177,90.1433181838658,-2.0298525478415144
W00004099,0.32885863693663464,0.33264011134858373,94.28606807220723,-2.5470569277927666
W00004100,0.3229517801565549,0.29500989906703035,100.4862443980972,16.981482493335292
W00004101,0.3277642356510051,0.31894370109640835,96.32954923502871,1.5058433526757682
W00004102,0.3295769061884927,0.29363275054074917,98.1327587052802,3.1329760965845566
W00004103,0.32209411928317205,0.3202878825058442,100.95158141326523,-5.008931407247616
W00004104,0.32264057950859104,0.33177846552199763,96.64317436814528,5.203174368145284
W00004105,0.3139893817708066,0.29011777380692383,98.38666142317335,-0.4163594101599699
W00004106,0.31604812841801266,0.3310021954800623,87.99033064055165,1.1395898998109004
W00004107,0.3142035233566254,0.3213848917387493,91.03451306127312,0.1472213946064329
W00004108,0.3099683358894144,0.2872329074837139,98.62011470696831,8.72853137363498
W00004109,0.3160346077526435,0.3363215940624113,84.30540439318426,0.9963210598509278
W00004110,0.31069484630866856,0.3235597470528933,88.30116815496932,-0.2254227541215954
W00004111,0.3129016764337424,0.3069990720255404,91.2774354079869,2.7074354079869067
W00004112,0.3062537584230669,0.29869604496909247,84.97589769629373,0.6530906787498623
W00004113,0.34571359496463966,0.33249464771550025,91.87467018222675,0.7270565458631069
W00004114,0.33532183690475514,0.2927611519392701,106.82361449004513,-11.343052176621555
W00004115,0.341592421044702,0.3294729326708093,89.18842076685607,3.495365211300509
W00004116,0.3405962484660432,0.33758197728321987,87.79264770585189,0.3734431603973434
W00004117,0.3406275713408177,0.31608254511338724,97.02822377058988,-3.6867762294101283
W00004118,0.33419466410159526,0.3141340748282098,100.50959968172329,-2.707244068276708
W00004119,0.3334041558662712,0.339367398379674,86.19478011035383,1.974198715004988
W00004120,0.3324148938499086,0.32894134467835134,93.34968461323251,0.08832097686887153
W00004121,0.3281247867276224,0.307206108303312,95.89074889058604,-1.910533160696005
W00004122,0.33437764377297774,0.3227669122527406,95.71176702163064,-13.126276456630222
W00004123,0.3179220926384644,0.3125211220967219,96.71019330180198,10.017011483620152
W00004124,0.3242067232474452,0.30763533042064145,90.10281164648026,3.858367202035822
W00004125,0.2598539896908166,0.03185240605549026,148.92208334185,4.8860833418499965
W00004126,0.24953546856833492,0.05313893236235675,152.30629955506643,6.104632888399777
W00004127,0.24884366119015755,0.07076903189219438,152.76711412283325,-10.794513784143476
W00004128,0.24883239396901127,0.061457851378713485,154.5062819237335,0.9825977132071841
W00004129,0.2480116395044175,0.08693654266682062,174.66704972590617,-1.6317002740938449
W00004130,0.272977083116055,0.030719320913582034,159.9377029335549,-2.00863039977844
W00004131,0.262056355850255,0.058983422953546825,155.66283390341118,-0.23777585268635448
W00004132,0.2676207105689214,0.07578279444548082,151.00975373978576,4.18137536140739
W00004133,0.26628156377873724,0.036163573847666976,159.13796587778603,20.72854365556381
W00004134,0.260149190884747,0.023613333504392924,151.70998193134858,1.379981931348567
W00004135,0.2624386902209304,0.09019229356562543,180.71506020608433,36.48930263032676
W00004136,0.2574351426559083,0.09678755746306587,170.93257464778907,10.421882340096744
W00004137,0.25420798517620646,0.036091035363972776,166.82484552136117,-7.43151811500249
W00004138,0.2583239010596562,0.07481684168199718,149.93244736092305,-0.6508859724102933
W00004139,0.2597255433697937,0.08267535785967675,143.62795055149235,9.525247848789661
W00004145,0.20694937877195135,0.030692512092316365,202.96812327193624,-68.52161866354766
W00004146,0.20481924801922485,0.0312702035240366,206.78563918549034,77.15050405035521
W00004147,0.20690255720850487,0.0531673522906678,218.40088917534405,-8.726888602433633
W00004148,0.1996907845290777,0.028502102506296412,199.6282561926082,28.049886627390833
W00004171,0.34279741278849224,0.030987141038037267,118.67816935824347,23.23552229941994
W00004172,0.3419904222182161,0.059163841165129356,170.83587984045064,-36.59028682621599
W00004174,0.37062091402273456,0.012782634157082192,147.57840541324066,2.964769049604314
W00004175,0.36328332404064057,0.003107678561191532,152.76355781864584,-40.66977551468747
W00004176,0.3568698339791448,0.01094995477983251,151.74183091659475,-12.69601391099144
W00004177,0.3596111488831312,0.014459815926559302,163.81876795059702,-15.055696335117261
W00004178,0.3618150173386541,0.03450885735485776,133.04763219590188,-0.5142156301850775
W00004179,0.35628393847969775,0.03160637067609085,125.56787052184123,8.79690277990575
W00004180,0.346746348454593,0.047186824975950836,142.24731839479108,-17.443446311091265
W00004181,0.3293288019789289,0.06283296991011596,127.29650231890447,-48.71524768109553
W00004182,0.37840273297717086,0.0,157.47661000925942,-2.8769614193120105
W00004183,0.3781794488461581,0.036890505347389344,146.28116135900615,-7.051191582170333
W00004184,0.3774887359980245,0.01698569795527494,131.8036105319937,12.749345826111352
W00004186,0.37059837958044195,0.02335484748973203,126.25653552085338,-0.0661917518739017
W00004188,0.2521186668023322,0.10748568461143941,192.3440733581268,-1.0415933085398308
W00004189,0.2428573865970319,0.11529169158823763,209.16432259554693,1.0573781511024833
W00004190,0.2396176098296629,0.10512320363722934,198.07910742487866,5.727887912683542
W00004191,0.23722490274782296,0.09522884619475852,207.1733030900162,-10.146935005221906
W00004192,0.26419412327498465,0.1100632367764918,199.5070425568215,-22.29703907583155
W00004196,0.23938032215239438,0.12451030433520861,205.80985864267655,-24.43642707160916
W00004197,0.22007731889069077,0.07916509071397508,146.24559591009498,4.626205666192533
W00004198,0.22586119322034373,0.0982428349559083,202.02801571878098,-7.682728962070058
W00004199,0.21007701628535067,0.08477936055254247,202.012201381006,4.249201381006003
W00004200,0.23976152980102247,0.06550484917056652,154.8238464296954,1.1774178582668355
W00004201,0.23692632138752628,0.07195048891208718,153.23635789593962,2.8364828959396107
W00004202,0.22848829947372337,0.11969434448298545,260.72861765565807,-35.809995980705594
W00004203,0.2340982488807038,0.07699056019900836,156.17164135003802,8.41589135003801
W00004204,0.22695235188756432,0.08097633334529727,156.6342644902305,5.249443594708083
W00004220,0.3729642706760172,0.3566061148967348,111.45172459414916,-11.109561120136576
W00004221,0.3435716962254694,0.3448919076446515,83.63370445083676,1.9774544508367597
W00004222,0.2994492582305864,0.35852946737860586,73.91535754643087,1.0468390279123412
W00004223,0.33378023066970364,0.3541347540193846,83.53572985357852,3.68167579952447
W00004224,0.32393247908478096,0.3487868994199252,89.14513780326246,2.5466529547776133
W00004225,0.3278181895443072,0.3437677312802757,87.26970215627972,14.330228472069194
W00004226,0.31704365000161827,0.36966195929800794,118.32997444560623,-18.965442221060428
W00004227,0.30565073674753895,0.35941806380387487,76.14517805167156,-0.0048219483284412945
W00004228,0.30475273922242613,0.35448517624659115,75.78865207787257,3.4386520778725753
W00004229,0.2931473404851224,0.36020581781684763,71.07692200983766,1.7969220098376582
W00004230,0.28781547682667,0.3620410878542267,68.73938267827168,-6.309397809533195
W00004231,0.28196753867088936,0.3645366282261435,65.14677284132021,-11.679417634870262
W00004232,0.3797755312011662,0.3774614702911864,93.27585077522606,10.685531626289901
W00004233,0.3824828834815036,0.3681383418078452,98.02583727651012,0.3020872765101217
W00004234,0.37283867871766374,0.38275244894522287,96.18550409921897,-75.03342447220962
W00004235,0.3716784553992033,0.3729402656954741,77.35804999190123,6.5972021658142666
W00004236,0.3621866478493351,0.3709037748323182,80.84696727084557,5.387161715290006
W00004237,0.35642308866081124,0.3593669079329112,84.9383386315797,2.9156113588524164
W00004238,0.35142900556153145,0.347318157524679,86.27135798875044,0.5885613785809483
W00004239,0.3438315934597483,0.35357194921678525,84.56619790011351,-1.0884081604925626
W00004240,0.34051452355534967,0.36002372405393457,87.0506957786551,13.87796850592781
W00004241,0.46776952373351277,0.31566481727817336,109.72919161359516,7.11407533452541
W00004242,0.4571606087647697,0.30978761219172657,123.878432865717,2.0068944041785244
W00004243,0.4584239539834263,0.3155125225512132,129.20551052781747,-6.379410107103155
W00004244,0.47690438571757154,0.30740553500027773,118.96182303038505,-1.9139345453725127
W00004245,0.47113241367057085,0.3097124211813881,110.22104572609788,2.4489869025684925
W00004246,0.4618058586974935,0.30137726220599276,177.52183114629938,-21.814588606787055
W00004247,0.4545132624850428,0.32017501479054256,137.18352549080552,-16.724166816886793
W00004256,0.5229946131562012,0.5594172193260061,164.15808422656062,-0.018929662328247332
W00004257,0.4569116782922537,0.5834875452776849,115.442987203111,14.238659078110999
W00004258,0.45347577676223433,0.5557236030427836,128.02996184257577,24.76883281031772
W00004259,0.43722483836366205,0.589508239424417,117.02637359534442,-4.065133651032397
W00004260,0.4305654599794664,0.590727860348044,136.10961685912358,-22.54902599801929
W00004261,0.429474277899929,0.578649506814486,113.25377279201615,-37.42364656282254
W00004262,0.4598186213471003,0.5542458750368714,136.4595321802308,1.122620415524949
W00004263,0.470321624437113,0.560067467285818,128.24641116176056,-16.812468838239454
W00004264,0.4531936455448221,0.5720424882800278,117.86994818364494,-24.486850061969108
W00004265,0.4462910078561225,0.5853041200288875,92.31802008536506,2.460877228222202
W00004266,0.44613766097644353,0.5516928452099663,97.07142315751813,-51.3538532652461
W00004267,0.446866199495479,0.5706918108869764,90.5689399957787,10.016162218000929
W00004268,0.44036613961826176,0.5811584644858884,80.26888545885822,11.206385458858222
W00004269,0.43545994084386547,0.5677288303607976,102.50709765250265,-29.707107475702472
W00004270,0.4264819185781208,0.5668096486793414,110.61435085092553,-35.03731581574114
W00004271,0.5511319372280683,0.5419795633107491,155.41444271700317,-7.662830010269573
W00004272,0.5424253798770682,0.5559651453668515,155.0896705294197,0.5909471251643765
W00004274,0.42733034033017075,0.5354513704441322,112.83622476290132,-7.247854184467116
W00004275,0.40795034439066086,0.5328608263118518,116.44947624303802,-1.8890721440587441
W00004276,0.39854334145862913,0.5448126241646365,108.40325171170193,-6.463853551455969
W00004277,0.388344628454252,0.5028270971800375,106.08948237188599,0.7682565654343847
W00004278,0.40626830923437973,0.5264032386004694,114.1468991565457,-1.807646297999753
W00004279,0.3960273709774404,0.528011736943194,107.1017819926509,-7.66673652586762
W00004280,0.40037877178275477,0.5504580399246403,107.58714324573236,1.015238483827602
W00004281,0.40014306151644863,0.5047294820703545,88.63004221848978,2.2967088851564483
W00004282,0.39982780466889,0.5149229795582754,83.41887006236126,7.9938700623612675
W00004283,0.3899408181161736,0.5298734858471195,115.34638308130965,6.870773325212099
W00004284,0.39290860416513324,0.5128751207237953,102.3257666521107,20.1290479021107
W00004285,0.39471642979749694,0.48931987213955114,93.46199433909705,1.7408943390970393
W00004286,0.38304624453859404,0.5254279130606333,95.27290532048434,5.5562386538176725
W00004288,0.4101643533452186,0.5438081826982399,128.0041577539245,-12.712754010781396
W00004289,0.41548360844668236,0.5276453634673355,115.57395091532666,-6.4866551452794
W00004290,0.41873102643859267,0.506285683526809,105.05408984184524,-10.504849552094171
W00004291,0.4093356954073037,0.45646828529947936,104.29135459731933,-2.660176014925568
W00004292,0.41440927891068285,0.4900750302347435,100.86822725073293,1.0005801919094068
W00004293,0.41021775997346677,0.5620916157801078,126.29802205410229,-4.398370803040564
W00004307,0.12886322967066235,0.14434053938208893,286.8067214303885,-107.87267201223449
W00004308,0.11301087190269371,0.11410130259087432,243.41861547070505,4.9546154707050505
W00004309,0.11722111052311503,0.15374304259855157,260.8448292589304,-6.367261650160458
W00004310,0.11282802099951779,0.13613289501839032,251.40036608947207,-56.35223807719461
W00004311,0.11276999481065121,0.16038396784747855,252.1671962997045,-4.759318851810718
W00004312,0.12620382209893666,0.16831770983541086,254.18102661744348,21.535013284110164
W00004313,0.13036883087449863,0.11506270816582657,306.04205440419906,-5.6877130376614105
W00004314,0.13354618723676007,0.13042137875844395,332.68109145791806,-40.082241875415264
W00004315,0.1205654471026294,0.11627550830665652,270.58653404419204,-21.10394214628417
W00004316,0.43441704685487725,0.37507825630260616,91.92252855828679,-6.404744168985928
W00004317,0.431839106657464,0.4069481319140301,82.687620666097,-0.5488658203894801
W00004318,0.39250620341002296,0.3946359229703466,104.13292329370253,41.442014202793445
W00004320,0.5271804004434455,0.4549061229447969,141.62397708012384,-12.828901707754937
W00004321,0.5291510910747513,0.404114491061608,140.82014084470822,0.22940010396749244
W00004322,0.5142355437260239,0.4038275851186303,130.2606551112514,1.9529628035590747
W00004323,0.5202173865455496,0.4402789310404246,127.31445112790028,11.347784461233601
W00004324,0.5040214321861879,0.38183056060392834,158.73357744956294,-4.720422550437064
W00004325,0.5020203737112022,0.40875262336238233,92.03380142114163,22.767134754474966
W00004326,0.4885695651110122,0.40343322478003335,86.18197120911906,11.039114066261916
W00004327,0.4659787867199031,0.4037458439914824,96.22406723294962,-3.2402184813361004
W00004328,0.44074858129588274,0.3951300817238808,88.90035574360638,4.131865947688013
W00004329,0.43489297427596724,0.38173452831282584,91.62379886385568,-4.114177326620506
W00004330,0.4317683485087255,0.3887284290714099,78.25869121574223,2.9802821248331384
W00004331,0.4434720296064246,0.3723676911397361,107.19169700823426,-7.165445848908604
W00004332,0.4401849627023152,0.40702469172091793,86.20924031703578,0.8599069837024444
W00004333,0.4346045334147375,0.4115458963166302,80.74445281705512,2.5268602244625242
W00004334,0.43189544276316344,0.36793998230818814,74.67374803704142,8.607081370374743
W00004335,0.4222552083534579,0.39905817981564684,78.14227370997598,5.325398709975985
W00004336,0.42066102175314246,0.41351887089555595,81.94286773981909,1.7906938267756232
W00004337,0.41302735423752734,0.3966352939271346,94.49002670173176,5.285614937025869
W00004338,0.40795823144547283,0.4057669068935538,88.78491790984367,7.292493667419436
W00004339,0.4196248755777032,0.4035391905127461,83.96074211348679,0.8863235088356305
W00004340,0.39813917014021455,0.3900553265244424,80.35151991156366,9.810269911563651
W00004341,0.5582382987941267,0.4716550371417768,93.1485038223604,-33.708639034782465
W00004342,0.5291664896103383,0.39399212459426386,138.448992103726,23.013806918540823
W00004343,0.5308275033511859,0.40476473902142146,137.14635152178192,3.4390110962500273
W00004344,0.5359407185354058,0.45014106118640396,141.38602289430088,-87.76252472474675
W00004345,0.5224488114047651,0.4225556605456043,172.61498600216106,-23.110013997838934
W00004346,0.5243666534035553,0.3902950979196443,171.16019723945365,59.5091739836397
W00004347,0.5190714350405006,0.40859671975563344,131.6535491665104,4.538549166510407
W00004348,0.5163117170086301,0.4248113444558648,136.76790140620545,9.907295345599394
W00004349,0.5086085432577764,0.43660155471623785,130.2195069938903,-5.412569929186645
W00004350,0.5071438045091747,0.44219654540343156,123.72710647000073,4.362472323659276
W00004351,0.5063436064636668,0.4184373229336962,121.11504767007622,0.3221444442697816
W00004352,0.4979814505055908,0.39872336599351604,90.79241028027212,-37.23522860861675
W00004353,0.5012170208437374,0.36725465603685453,142.18122100567587,-4.7830647086098566
W00004354,0.4930907253815632,0.4313981635746058,103.61788902328918,5.651712552700943
W00004355,0.49292209263847,0.4098894204949255,82.4529594072424,-0.7188826980207637
W00004356,0.4946741455261579,0.4220474658274715,100.26173091853784,6.286661953020584
W00004357,0.48787775773286685,0.426611706314631,110.71924889860568,22.09841556527236
W00004358,0.47572418186023263,0.3998455471629259,77.84369324895643,1.5186932489564242
W00004359,0.48075011363798376,0.38765799923812716,133.80241681062873,26.687250143962046
W00004360,0.48080284423293945,0.3932791903925704,109.79183991375045,-1.7941878640273359
W00004361,0.4766578589189381,0.40637752935331994,84.82741324467665,-0.45830104103764313
W00004362,0.47099270012840166,0.3896614688512452,124.46244838669013,-5.958604244888832
W00004363,0.46347424442019897,0.3874773490271325,150.7591865443359,-35.13130126054213
W00004364,0.4582066575756507,0.42222258671907914,118.18499463198663,-8.988755368013372
W00004365,0.4639168852507723,0.4157102278125216,107.02855055548677,13.106182134434135
W00004366,0.45428341117376736,0.3960289402566,99.67314638024553,5.877460105735722
W00004367,0.4462536382393628,0.38368678792178035,106.23275511269797,-8.197677319734467
W00004368,0.4506293261657991,0.4147173798724342,109.68186074597143,7.8357368521661215
W00004369,0.45778848271094835,0.40519143234512917,107.72365782191483,-1.0193654338991252
W00004370,0.44610881689026927,0.3986314478253694,100.69096838861132,-0.30892744472198785
W00004371,0.4598322922420971,0.36037768298333245,119.26677793295363,10.452265737831667
W00004372,0.3774732623477519,0.33936144372802796,115.75792198017689,-40.160012446052605
W00004373,0.353422252096487,0.33354392951323775,93.376874127191,-2.4126086314296913
W00004374,0.46293409791914325,0.33939070615185546,122.15061687079115,-28.52713312920885
W00004375,0.4667485632683385,0.35023485416760286,103.38908405631094,14.194441199168082
W00004376,0.4654469738819327,0.3704961518605056,128.51811687684105,-36.999274427506776
W00004377,0.45940924564559044,0.35121174183683657,113.42935891674239,11.411616981258518
W00004378,0.45079417813021755,0.3389721177767291,121.7071446782292,53.4126446782292
W00004379,0.4511759115826065,0.3476569230701762,121.4417193853778,35.93427494093336
W00004380,0.4337545342517251,0.3254440694998791,87.17449889899818,-15.587039562540298
W00004381,0.43771673304668585,0.34094383440327103,80.3278354701803,9.10561324795809
W00004382,0.4405464151565384,0.3212900503779766,101.38634576513685,-11.197254234863152
W00004384,0.41894399740402594,0.3260009376952343,94.06466263970121,-7.070754026965474
W00004385,0.4260116998824338,0.33394568805539626,81.09644461208164,14.217007112081646
W00004386,0.4238574071999418,0.34560570797749596,77.82414426744882,8.95914426744882
W00004387,0.4143532808216617,0.37937583666238855,111.4288652364662,-10.852801430200486
W00004388,0.4198597971384801,0.3559727564943189,90.10883563678578,-40.613386585436444
W00004389,0.4082838541365078,0.32637110049486706,117.60052412690575,-4.4940811362521345
W00004390,0.4042960090000438,0.3687979934772757,111.5174453954159,-6.75264551367502
W00004391,0.40841500459060454,0.34608716862972494,133.93825992919457,-14.888663147728494
W00004392,0.4025133468282648,0.3173768698485831,106.59724755466638,1.2236364435552645
W00004393,0.4082185042538529,0.33695251647097213,126.49415628062704,-53.56479108779399
W00004394,0.3893042201215843,0.3458674419839646,149.10421627346085,-8.900177665933114
W00004395,0.3926832597423035,0.3376508347095337,139.44317930739075,-13.953781476922956
W00004396,0.39219651578891823,0.32377346491381215,118.89776572923844,-2.4244564929837793
W00004397,0.38245777367434375,0.3283708581173473,103.56592439700584,4.499442915524369
W00004398,0.37491485200023805,0.32122249214838494,107.5926285944813,2.05691430876702
W00004399,0.3730485494901568,0.3403518646964562,111.82431009807688,-13.66797561620885
W00004400,0.3610799563504151,0.3324757010966219,95.52809211023568,-5.0052412230976415
W00004401,0.35990015310544876,0.3240425610350443,93.21938342242977,5.991605644651997
W00004402,0.034697729429616846,0.11997082978557899,264.8552192188611,-8.117857704215794
W00004403,0.022237631488513262,0.12467305192469406,260.675262089754,29.532954397446332
W00004404,0.015862315845276177,0.08920730138350115,432.29661789623526,-9.98954877043144
W00004405,0.04515508775486907,0.09759933888209259,262.06263318567596,-148.79528144847035
W00004406,0.027136297320713598,0.08493812548540398,322.46392792485807,-20.50885930918446
W00004407,0.033270923658894724,0.09362758623377496,279.3283776166188,-10.405997383381191
W00004408,0.0437746027821679,0.11440783181768421,278.10295548489336,-11.428711181773338
W00004409,0.028238231548475046,0.10591879923041872,293.1790376357407,-15.927212364259276
W00004410,0.01318329257819074,0.1062592583716455,434.6822494613526,-23.74219734715797
W00004411,0.014250201844230972,0.11870565577685355,421.8100718524471,-33.000889186513916
W00004412,0.007237483405033633,0.13221957528934555,359.1238163881469,-4.2918257171162395
W00004413,0.0,0.1958254164499702,244.9893216156985,5.420988282365158
W00004414,0.022399557552298565,0.14278691663428236,308.57616010983963,-32.35079733696887
W00004415,0.0183895535476432,0.15501057140133306,349.46045554567434,-30.612621377402604
W00004416,0.02663287788006638,0.15439588895180797,259.93143899023806,1.2388649161640046
W00004417,0.027536659245332003,0.1612843382430538,221.52558273771737,18.45917975264274
W00004418,0.034556245324111404,0.16862023707231125,240.59366029074755,0.020098887238759744
W00004419,0.005035804009534248,0.20050484464658036,204.68796941341046,39.92746941341045
W00004420,0.02073989587800384,0.18497058916351805,223.60236880513438,24.342091027356673
W00004421,0.022614761476157506,0.17247583534695274,275.4596487697343,-10.114864743779151
W00004422,0.00941205708553134,0.15749544753348454,359.3940136340701,-251.83431969926323
W00004423,0.011638359830293736,0.1725171570205012,361.3552481513174,-13.162051848682552
W00004424,0.0077273821802796815,0.1875335253654357,260.8229194489567,2.8049194489567526
W00004425,0.04155731609061403,0.14705129365963657,266.20545365417564,-15.506841427791528
W00004426,0.03100095417267467,0.1633940442548621,223.24113445267446,0.45570798208621
W00004427,0.034458739150029526,0.15480477503154333,250.64688988467626,18.210431551342936
W00004428,0.03279694922283632,0.1469056138452792,242.55521298496913,8.598372984969131
W00004441,0.383661370428899,0.23182476564521137,73.2232308297193,7.123230829719304
W00004442,0.3973343686299939,0.2642186119349723,84.78072256693929,-12.722625917909198
W00004444,0.37083566725774253,0.29485529465700366,76.56935926392443,-9.343140736075568
W00004445,0.4071774130202686,0.30697680008171935,109.75639989383384,-1.7274710739080916
W00004446,0.3984064447217705,0.23598828514314724,62.22238687416171,11.872386874161705
W00004448,0.3959264166760068,0.30677477499130773,87.6349945454439,11.034994545443908
W00004449,0.3912942367198012,0.24623707969158676,73.67432527374585,14.540991940412518
W00004450,0.39020897797936566,0.22004917134797025,74.02125365023231,1.1641107930894492
W00004451,0.39384603696424214,0.30338257234779953,73.66994089189791,13.068690891897909
W00004452,0.3839759512432291,0.29941439249047125,76.55187376517456,5.801873765174562
W00004454,0.3769443038724189,0.22150589567352905,69.15244336031624,4.777860026982907
W00004455,0.3783477489380564,0.3139586832706175,119.92303442117029,-16.51029891216305
W00004456,0.38282143665010765,0.2609668308039315,77.65656333691724,-14.362484282130367
W00004457,0.3709901033022061,0.3092374023795762,83.40730005488264,1.3283417215493074
W00004458,0.37189298328973774,0.2499518079215594,74.60231713633924,-0.2726828636607621
W00004459,0.37005267050306523,0.26583773585089404,72.65619604847647,5.754196048476473
W00004460,0.37003764754157953,0.22537966723566155,79.28862363631913,5.275860478424391
W00004461,0.3722648015874693,0.24054075166000774,68.16404379910213,2.974043799102134
W00004462,0.36406181390671205,0.23759644708672112,79.71478847328235,11.975725973282351
W00004463,0.36208535016593196,0.2514250042055704,93.00022381198504,-8.1692206324594
W00004464,0.3643672307144911,0.22890373834654387,81.14772739839277,4.590909216574602
W00004465,0.36201388379183336,0.3172989180452094,80.28931078408976,5.8246049017368335
W00004466,0.3641580359752905,0.30440439057036467,69.88203379655921,6.524890939416359
W00004467,0.3638902516861356,0.2776225327915918,80.19556484688145,0.8364739377905437
W00004468,0.3627858494004203,0.2667133016423697,94.75705545817638,-10.052420732299808
W00004469,0.35636855531048367,0.24354222088910388,68.92534829756038,5.342848297560373
W00004470,0.3560997194139991,0.30779854200895407,83.60695774649261,10.722342361877224
W00004471,0.35696616871989595,0.2819152952968581,80.85231304653125,1.7657745849927835
W00004472,0.3612815144175486,0.29745774809257614,80.8744939992035,0.5411606658701658
W00004473,0.35157593012522015,0.2708160952934815,87.87712371436514,-5.444126285634866
W00004474,0.3526019983972547,0.2915618309644377,77.7812719224717,6.1143873070870995
W00004475,0.34923009468330524,0.2967797298028092,81.67762197653211,3.6553492492593875
W00004476,0.34494930179713373,0.28260657621983776,83.00699534020613,-12.588480850270045
W00004478,0.4039178059436809,0.22827511659884508,67.56776277147229,5.889191342900858
W00004531,0.25511443311718707,0.37870545115336984,93.64854145679512,13.798911827165483
W00004532,0.24933806685391335,0.3837443856431611,113.21356876842296,28.534402101756285
W00004533,0.25008080207164246,0.391907725851952,106.18092159355857,17.30092159355857
W00004534,0.2750890253546284,0.38443851758117087,92.0110090250859,-7.357670220197107
W00004535,0.25492007355245355,0.4513094360170753,94.04268570365349,2.5449410228024334
W00004536,0.25249874772888087,0.4108248421354174,99.30194337487583,5.112776708209154
W00004537,0.26115535373281296,0.380192219403145,99.03499333654557,-9.482947257513828
W00004538,0.26894663715299166,0.38106836519315546,97.10130489805739,-5.46054804311909
W00004539,0.25915226715801387,0.46076336577048627,78.80111197785169,9.30111197785169
W00004540,0.2577462681890903,0.41047405902023276,82.28524831863972,4.851914985306394
W00004541,0.2620438867921194,0.39071912325008334,104.29396917641726,-6.287836379138298
W00004542,0.2538725975601738,0.38700677688077606,97.08257219954777,-0.7872278004522286
W00004543,0.25277527752777157,0.4676688747520312,111.00929632930983,-7.4824579079782865
W00004544,0.2501060406469769,0.43747266611894586,96.35103590824633,3.637702574913021
W00004545,0.2500462492600973,0.44267898045320975,96.81400725459267,4.203834840799573
W00004546,0.25037675441364715,0.4166885500114706,100.10898568098435,-1.6480954000967358
W00004547,0.25335640860223174,0.42532387756305057,99.68889602767716,-2.4878896866085682
W00004549,0.24966917292587779,0.4478086421808135,96.00794776855405,3.2755668161730824
W00004550,0.24451629712325235,0.43331502007285994,90.67312888131282,3.408295547979492
W00004551,0.23702339739281938,0.4208334434160399,104.312237935424,-79.9855507969704
W00004552,0.2450856673650331,0.4589687420305798,98.46327413557667,-1.3067258644233277
W00004553,0.21840244646782775,0.19623570741505142,197.0364761659199,-25.8511044792414
W00004554,0.2189427097216339,0.14298430173639742,158.4666475717102,-22.58553424647164
W00004555,0.24965565226050865,0.21326357513062832,175.6767606623013,3.4536227312667904
W00004556,0.27246844856160196,0.18391503049272745,182.48897252903586,-20.163651233340374
W00004557,0.26463547642314034,0.18408439006553298,182.03017412460528,11.360608907213987
W00004558,0.23979788536793953,0.21404395929551376,188.7271428684947,9.823346572198403
W00004559,0.23586081784143167,0.1697707995034697,181.7493452304278,-5.653794304455886
W00004560,0.23624765910071296,0.22154324757931204,232.16577973003623,-12.650073928500348
W00004561,0.23388379610491913,0.1601513304342849,163.40175848430783,46.53106882913541
W00004562,0.2314275418958282,0.15308207626576864,238.20917259067326,-45.76416074266004
W00004563,0.229428887094725,0.18459181918559497,226.7063464355073,25.52208929265015
W00004564,0.24027606623325234,0.20532873114547887,156.6612881044064,16.026805345785704
W00004565,0.23682754541546966,0.17981250750759895,161.02201096924028,11.739810969240267
W00004566,0.23747109152974613,0.19768025177133197,166.94980587493782,11.302676245308191
W00004568,0.2325921433345278,0.21179161617682607,161.13409571070505,34.30826520223047
W00004569,0.22789725324466986,0.1976744517859631,208.3567953293858,-10.090674550132292
W00004570,0.22315755180663982,0.1633538503562477,130.22512014772244,16.775120147722433
W00004571,0.23380755457521915,0.225707579075202,227.6616717359695,-11.674094930697152
W00004572,0.2246203876467844,0.20400318960013292,165.72096608911508,35.01607452285003
W00004573,0.22503038930504415,0.17749966667484107,129.65745954745722,36.45031669031437
W00004574,0.22170261554052292,0.22940582374674912,184.26968594517868,-76.92029405482131
W00004575,0.22344283784600885,0.169925349780298,135.09589065930817,21.221752728273685
W00004576,0.16598395354556586,0.18631999442644637,325.8678812247229,-0.26599377527708157
W00004577,0.21627519511607401,0.1847459363968492,162.1397767316982,-5.557842315920851
W00004578,0.21468730564045652,0.15339550747517172,130.26373839390382,18.44773839390382
W00004579,0.21370683205660787,0.1451220603441144,136.93366750891954,27.271167508919547
W00004580,0.20491351710280375,0.15077275409080607,231.96373883610403,-48.689709439758076
W00004581,0.21307474095046425,0.1685981391280529,139.70120039642427,-11.847213396679166
W00004582,0.2058437603416861,0.18225901866984995,253.10445264901512,-21.8538806843182
W00004583,0.1961775147471828,0.17004406388085327,287.5129186246375,28.162058975514697
W00004584,0.19902338946337866,0.1615443129206255,271.6999515751249,-18.765673424875104
W00004586,0.18476547225538448,0.17051242429946037,304.4669805946183,5.765120129502009
W00004587,0.16989123805087067,0.17059037610283553,353.7857205270767,-32.28302947292332
W00004588,0.1535632103983212,0.1661475873093242,291.17312603545764,23.220903813235395
W00004589,0.2718896353154679,0.16090324053766664,156.6031249098791,6.783473747088436
W00004590,0.2585582592594094,0.19981070239748522,182.32171166577095,-10.710674697865414
W00004591,0.27094409011713755,0.16776852082068291,176.50793920209074,1.793985713718655
W00004592,0.2600793341136784,0.16558684472374183,200.92171640075276,-28.70034242277663
W00004593,0.26083423793028776,0.1742102629720326,190.4526687324908,-8.86203714986209
W00004594,0.25161314414702574,0.1844127465706223,182.44207322652866,-4.41348232902692
W00004595,0.25501133804367127,0.19525692508393203,180.02119540533684,2.4342388835977147
W00004596,0.24729930074555373,0.16185327814129044,216.8491741541054,-26.608989111200657
W00004597,0.24646832611473324,0.14835491946227752,198.9198182254105,-61.844626219033955
W00004598,0.24480849372494962,0.19252244078139466,180.00487524353312,22.804875243533132
W00004599,0.24633632891188717,0.1775113053121499,184.04149709838734,-2.1072580036534987
W00004600,0.2651867654576815,0.28070135835889387,73.44454086391626,4.011207530582936
W00004601,0.2889820097889801,0.31704476268629067,81.5089604315654,-5.13389671129174
W00004602,0.28017329629962107,0.31647934144584355,71.82115327038065,8.321153270380648
W00004603,0.27828491003606626,0.24964866201954744,71.31230036630039,-2.4543663003662743
W00004604,0.27240522335493134,0.2999117683025557,71.31501058156438,6.844716463917322
W00004605,0.2764303254359823,0.2401022727660262,115.70876134905602,50.170299810594486
W00004606,0.27277636561940244,0.24151352520628414,112.99651373034631,-7.753486269653692
W00004607,0.27061305915998696,0.25956667566901737,70.37181571285727,1.4412387897803427
W00004608,0.27266369340797153,0.27849759591766343,81.75560959993126,-8.244390400068738
W00004609,0.27585870175004273,0.26057598912312413,63.93618530336123,5.161185303361229
W00004610,0.27760887676751295,0.32505707127604283,62.99692493550475,9.06835350693332
W00004611,0.278993618245979,0.2766226926469192,74.0285861138045,5.9976486138045
W00004612,0.2623519326181584,0.2705213400369721,78.74133509536459,3.037585095364591
W00004613,0.26694332523381514,0.2538851260001581,72.85026149419858,1.7138978578349509
W00004614,0.2682066060683684,0.3092516935435279,72.93589837902064,4.0327733790206395
W00004615,0.2622494009057624,0.3026413806173815,80.62074387570502,-5.757216124294985
W00004616,0.26595857010593027,0.29264341223625684,75.00956101545461,1.020949904343496
W00004617,0.2604842029267105,0.26609649253154105,76.02529869322181,3.0623357302588516
W00004618,0.2542526784867545,0.27228175159650936,95.6312853630698,-1.7909646369302124
W00004619,0.2593075294654296,0.2862570483452206,84.69113832462808,-1.317096969489569
W00004620,0.2919536588852246,0.31126554126379635,84.47142432103425,21.507138606748534
W00004621,0.2944248287490479,0.25902128371138305,85.06462896150614,-7.487476301651753
W00004622,0.28874720090037587,0.24419311844727767,81.5543296329737,-19.488496453982805
W00004623,0.287953087154244,0.29279411905611397,79.00299968978477,15.169666356451437
W00004624,0.28743569635937666,0.27156004781693477,65.96675742788342,14.435507427883422
W00004625,0.28433878795606965,0.2661860829722236,54.939924183083555,4.356590849750219
W00004626,0.28095479075805374,0.29740301943062025,76.36335025165043,-8.129506891206717
W00004627,0.28346557831750424,0.2585094543357518,60.861804576801475,3.3993045768014767
W00004628,0.2808703617142544,0.24374381291393848,75.83083274378517,17.143332743785166
W00004629,0.2779514002902513,0.3083366259850289,67.64031144957988,7.390311449579883
W00004630,0.24690975535323065,0.29627271828169544,144.21834113881852,-1.4419181204407607
W00004631,0.243603652210755,0.2765631461304544,173.24520853898048,12.310998012664697
W00004632,0.23094455368281433,0.23393596031993336,185.80441159971653,-4.939066661153078
W00004633,0.22557363032440306,0.279697844890156,194.25773140843253,-20.09688149479331
W00004634,0.21096599156191803,0.28813981517507903,137.18152679603457,9.260714296034578
W00004635,0.24534406230322744,0.2572695334633287,232.3127844415699,-24.862891234105774
W00004636,0.2393837023187607,0.2501109595201146,199.7302015072056,41.44654766105177
W00004637,0.23765572031254126,0.30445901588712365,104.57985369327356,-26.335887047467182
W00004638,0.23616639853610058,0.2971539870406013,127.45542978789803,6.432173973944543
W00004639,0.2363100043910067,0.2445796294723429,202.90078127243234,38.482973053254256
W00004640,0.23542710494222538,0.2660280681707998,167.80066564589785,9.25521110044329
W00004641,0.23163455830558777,0.26129639370597646,153.89359450832157,30.622844508321563
W00004642,0.23272477462338398,0.27431102470008784,194.19023101132217,-19.424213433122276
W00004643,0.23376887044929742,0.25490824341944696,186.34221848488897,4.080946879950744
W00004644,0.23088746642907262,0.2432896353928892,183.45126277436813,-27.84226914052553
W00004645,0.23550344469902904,0.2844052557854152,174.74338897811202,-24.074475886752822
W00004646,0.22761601169872117,0.2686047295987019,174.22533501865792,20.854223907546782
W00004647,0.22819148867673095,0.2506580141402224,181.14207747466213,-6.504589192004488
W00004648,0.22936814425363297,0.2984584002352014,122.87343343032913,-1.1605249030041875
W00004649,0.22853787524678626,0.2903137901124953,139.69174158725843,-3.52457269845587
W00004650,0.22307192092601127,0.26127365776332534,174.89854504902317,-1.347754950976821
W00004651,0.2163287144165269,0.27731532689981947,157.10907154940338,5.598777431756332
W00004652,0.2187380969856608,0.24829046011214315,178.59757553316527,-16.23905908221937
W00004653,0.2204460789426364,0.25726535747386226,182.2039924440014,0.9486732950652197
W00004654,0.2171377008945488,0.26984142708531655,160.48234368742177,5.108017156809524
W00004655,0.2200671783916559,0.2879354481116252,129.41823266062536,6.433649327292045
W00004656,0.22022066298197107,0.2963926774457803,143.34941434510347,-8.583831268931618
W00004657,0.21366153782761324,0.25918389983453083,159.54465003039647,5.154700030396469
W00004658,0.21082670498809017,0.27848866394019295,157.98080278391325,10.387355975402613
W00004659,0.21202914282846627,0.26303796691303216,169.32827515159855,-6.553206329882954
W00004660,0.20913211492824513,0.2529724403023159,144.6201777101437,6.320415805381828
W00004661,0.2027509617914946,0.2482536495383281,149.0940202928199,14.769826744432805
W00004662,0.2089659609738163,0.2675786594595893,173.18202235249862,-8.659281995327461
W00004663,0.20460066392906365,0.2542627050477529,150.50019132342447,-13.743142009908865
W00004664,0.20004232182873954,0.2593606988552436,164.3932078982166,-2.346014324005637
W00004665,0.2681083558999766,0.22695212833595116,143.74558987476732,-5.7727774721714695
W00004666,0.26140961735659873,0.23974553499919693,128.6029785721838,-12.381170363986428
W00004667,0.25429796198503857,0.24273616212230525,112.99378993897919,-69.33179145636966
W00004668,0.2507438154402522,0.29366328166373795,131.9060576215849,-30.95050601477874
W00004669,0.2521217787014788,0.22789562355607912,183.13036894598304,-12.526527605741052
W00004670,0.24475084311005615,0.23944049443529639,203.99068586728234,1.9297728238040577
W00004671,0.2446319739270124,0.30198680200182304,126.79177674989039,-11.998223250109604
W00004672,0.24263617348867478,0.23157142228424388,193.97430997980172,7.111153729801714
W00004682,0.0948491415665126,0.14064259244312427,130.20525818489483,-9.567155608208623
W00004683,0.09309686333441522,0.14994159298732404,121.02187626456198,4.58582975293406
W00004684,0.0884023756453388,0.1294403498996624,180.21750854769655,-8.971241452303445
W00004685,0.06443831078383243,0.11422959826726048,241.45678167163368,-13.443218328366328
W00004686,0.057168511915570736,0.10337399764942679,236.8281926825006,9.800561103553235
W00004687,0.08020866464330538,0.11381331398396069,257.71385866766116,4.366799844131748
W00004688,0.08843403653669552,0.1204946496642956,149.79146031430588,7.29342460002016
W00004689,0.08608414489518586,0.15276106640881995,254.47983979500523,-32.88362174345636
W00004690,0.08581823847624866,0.10057991269722773,220.26946408908503,4.095551045606754
W00004691,0.08056140377986044,0.13459807968980647,272.0740310918967,-10.387218908103307
W00004692,0.07028862757522436,0.12218880219096494,225.78860421657708,16.3405465242694
W00004693,0.07080203728527878,0.10391560028328828,265.7468979940253,-18.61611715748984
W00004694,0.06999117293707115,0.13730658005788207,244.10591290612115,-4.091010170801894
W00004695,0.0637795539210517,0.13605610321208605,230.06119747565157,12.55681747565157
W00004696,0.05957237354641629,0.13650432608149074,230.1210258881692,-19.263974111830777
W00004697,0.055001937962057754,0.15026119538115806,233.75953778072235,7.107685928870495
W00004698,0.052663313541630334,0.11230462178948704,244.1631158426597,4.932286055425635
W00004699,0.09668344516855883,0.1207941145089258,146.6107332595866,-0.6881667404134078
W00004700,0.09784802514586932,0.15122000256266588,113.32588235341176,16.307363834893238
W00004701,0.10207007825245883,0.15911522104776663,194.87601719740474,-20.28648280259526
W00004702,0.10421761060228228,0.12751144876512022,156.73213965112873,16.826931317795385
W00004703,0.09267434254157339,0.11213301955567037,142.9864405036614,6.565478965199873
W00004704,0.08732504151701018,0.11028058156159401,145.93304543688308,30.40804543688307
W00004705,0.07076349761091227,0.15350094228614658,291.55431023653284,-23.92747101346714
W00004706,0.17288746041983571,0.7737517346886233,114.9568435259359,-13.802340147533485
W00004707,0.13624731571867624,0.8164225106114152,87.27990999981274,6.061409999812739
W00004708,0.1483849672520908,0.8160297923131197,116.25762141042878,-7.983855333757262
W00004709,0.1413804470576073,0.8436907422744714,68.48791065738007,6.200731170200584
W00004710,0.14152488210195313,0.8352951474515193,72.47019830112609,5.592948301126086
W00004711,0.134939459611199,0.8547288104320462,76.29543966426434,9.678265751220863
W00004712,0.13571212271440353,0.8273781674213094,73.24481268738467,-2.701520645948662
W00004713,0.1333668130761534,0.8394428329893973,64.44445852461693,4.254135943971775
W00004714,0.1258774661443023,0.8230859462480068,70.49831227494627,6.750331505715508
W00004715,0.13008039001326885,0.8393020866777511,62.29597452941223,2.904023309900033
W00004716,0.1290828653680571,0.8297302548217389,63.29002879856505,-1.2743462014349518
W00004717,0.12437370346478777,0.8411471006905532,64.24254783418829,-1.1449521658117163
W00004718,0.11840168995445902,0.8301165493140149,58.48917623951847,9.288342906185136
W00004719,0.12174039292344827,0.8192055704358693,87.16706291407299,22.49206291407299
W00004720,0.1978144166348075,0.7711408132744119,128.9884236167838,2.9944236167837914
W00004721,0.1938814053079264,0.7676264861389512,132.14774420971227,-1.0533163963483219
W00004722,0.18574647164286587,0.7636866720767386,128.99428554760124,24.61697785529357
W00004723,0.18249550276916443,0.765796784087526,128.47894589053803,-5.729179109461967
W00004724,0.5534163663147503,0.8774134812122351,109.10564790242206,-29.497317009858634
W00004725,0.5498594923870279,0.8747928931557412,110.04711705015175,24.97358763838706
W00004728,0.5215727581342088,0.8901591423959129,110.270600117063,9.374734732447592
W00004729,0.5249162684509311,0.8875105133434807,92.84794330779138,39.447943307791384
W00004730,0.5062057707917474,0.881847892249098,138.45389410500863,55.23911149631299
W00004731,0.6544117931106613,0.6661338877438813,126.12483702517369,12.37483702517369
W00004732,0.6439549105125314,0.6524299607106666,153.7515874504251,-18.979274618540416
W00004733,0.6552013999683155,0.6504720712492477,121.51736496172266,16.551148745506467
W00004734,0.6971536209415509,0.6876695891555625,146.7733376612003,19.428771396140036
W00004735,0.6782133148937098,0.6706855306628158,130.56050910486007,4.172546141897115
W00004736,0.6646645136616371,0.6678832561312746,139.58804055869132,-3.7543323226646237
W00004737,0.6621734061818417,0.6483185444146372,104.64487373979489,20.524973739794888
W00004738,0.2501310216858982,0.7836543977101452,134.4415223473995,42.678689014066194
W00004739,0.24826527717154945,0.7604879414785515,113.34745984656223,3.22001303805159
W00004740,0.2557207222868445,0.7656965294070709,90.60301433604059,4.955097669373913
W00004741,0.2514221647486585,0.7921346143196492,134.99223928248642,-11.083139505392353
W00004742,0.25130937986502294,0.7705431827818723,112.12886916467998,9.037563609124419
W00004743,0.25282099025354954,0.7786085960376765,111.66628793525535,28.594336715743168
W00004744,0.24794994520908095,0.8161060118541956,185.34715489992126,-24.267939439701394
W00004745,0.23326560123824586,0.8181213907706029,180.5508245457147,41.19091829571471
W00004746,0.24039910428812758,0.8042651329216286,160.46054228811886,-11.536957711881143
W00004747,0.23523911761709976,0.7750333510114287,135.27923460234624,-9.398917571566784
W00004748,0.2105157296845678,0.7912822600696265,136.36849841109793,24.23744963061013
W00004749,0.2349928662394183,0.8040900661632164,151.13915097424496,27.761909594934593
W00004750,0.23232430539191612,0.7931338937990654,144.12846692232304,33.295358814214936
W00004751,0.21367415711531246,0.809038787680561,159.74231862846878,14.131298220305553
W00004752,0.22384350022981853,0.8047364165328603,163.6179355248856,20.049935524885598
W00004753,0.22372038706016148,0.7892608182351823,154.17655347079176,-7.05729898822463
W00004754,0.1859394093915879,0.8109649048221241,135.0878874512755,11.087887451275492
W00004755,0.20781906516835116,0.8018835197290098,134.43736656997925,-1.5159334300207377
W00004756,0.19986311935918163,0.8000929482455472,141.3956983343678,-9.506801665632196
W00004757,0.1553273353086224,0.8375784856920273,134.258975759537,-31.76152424046299
W00004758,0.14517020371561468,0.8527552687434442,81.50925902680667,-6.437799796722743
W00004759,0.2633248571638413,0.7534575278787319,84.5686270269921,-50.07043547300789
W00004767,0.28831499029731816,0.7439729858025402,69.78551656720799,9.978373710065135
W00004768,0.2981306714363062,0.7496520994775444,69.3010232057126,4.524702450995619
W00004769,0.29000620019089296,0.7502675939250207,69.68057298721446,-0.10052076278553557
W00004770,0.33820141670821896,0.7642082067612205,105.67421769617575,4.745051029509057
W00004771,0.3270900051378557,0.7642810545774675,109.57184478292315,-9.369655217076854
W00004772,0.333860639282794,0.7517744301241783,96.0981841524015,-9.230132514265179
W00004773,0.3396894625084804,0.7553185459844993,85.11365572426688,9.107245467856629
W00004774,0.323579702390835,0.754765656579107,84.53334597122392,-9.386654028776078
W00004775,0.3166277142736101,0.7514216054141416,71.83296179797928,6.173387329894169
W00004776,0.3107360092232546,0.7520637333944387,74.39233775604981,4.324684694825322
W00004777,0.30091850386756963,0.7479111758688491,69.74148007658036,2.9020009099136814
W00004778,0.3034180242058739,0.7241374998355699,77.24034539041924,-1.800240816477313
W00004779,0.2927670449448748,0.7311071489219942,73.29265273192695,-4.3632847680730436
W00004780,0.300193395591379,0.7369048142979643,71.03667015922429,4.7739558735099905
W00004781,0.3424098203812007,0.7336823733595811,73.75902099204008,5.2908959920400775
W00004782,0.3363399430071959,0.7345073632786264,79.60038474976075,3.4283847497607525
W00004783,0.3282955978001246,0.739437977241646,76.12090739275696,7.725472610148273
W00004784,0.3269923558879425,0.7308310696183798,72.13611569124211,4.89576786515515
W00004785,0.32027558979078186,0.7304096968145808,71.78974355787479,0.6197435578747843
W00004786,0.31940238015221645,0.741195140809377,70.57850765374371,-10.947881235145175
W00004787,0.3113779904456883,0.7348517225877901,80.73686859350417,-9.649103628718052
W00004810,0.5338786668366473,0.7526473975222039,162.8404909072647,-4.545736365462574
W00004811,0.49592649715614706,0.7542098439810885,175.3420623896356,-11.58503063362025
W00004812,0.48535089560460104,0.7829694581045067,163.06996976975114,18.063834634616
W00004814,0.5400224571813476,0.7460769884954046,152.62484725882783,-8.159363267487947
W00004815,0.5173669727488084,0.7496177635641541,155.9738437783832,11.096043778383233
W00004816,0.5240064779009751,0.7570813394046962,174.61614244792239,-0.8052368624224471
W00004817,0.5061359140205507,0.761737876992378,178.7923373227223,-11.5984202530353
W00004818,0.45856683307810275,0.7807822062882966,157.8082143809174,-50.35178561908259
W00004819,0.48167978457357297,0.7737543640153267,134.60940764416463,20.26517687493387
W00004820,0.4359333644380198,0.7675135282016533,124.62049130529778,-21.034771852596975
W00004821,0.4799294092499646,0.7648020324633528,153.83744281602011,12.491776149353456
W00004822,0.4888215001757613,0.7496728866251072,157.88354343765417,-13.151700464784852
W00004823,0.48525249520661357,0.7592547872557242,167.36917308883872,18.54574171628971
W00004824,0.48233042188336783,0.7436572345989925,160.76556267209938,-5.333611240944123
W00004825,0.46847019465895384,0.7362255509446706,129.21894024517223,-32.854809754827755
W00004826,0.48214950250393046,0.7924481808620424,177.8264961162653,-22.497577957808772
W00004827,0.4740498045122426,0.7916716647601231,159.84343013465235,-38.47204986534766
W00004828,0.4714291171606498,0.7703028313881372,99.357517285289,13.822160142431855
W00004829,0.4622989122946644,0.7743611971513157,133.837839299511,-11.795545315873625
W00004830,0.46613878126011005,0.7460906764608777,126.1652347654016,-4.717118175774857
W00004831,0.4725498300903003,0.7579929424385997,111.18722836053082,10.049390522692988
W00004832,0.4620571499209858,0.7483301668119873,121.9075879739369,9.003042519391443
W00004833,0.4516551440552169,0.7360273151780347,125.71723039277416,-20.16115196016699
W00004834,0.45634906838323763,0.7299032266254335,140.70785122809968,-15.23251914227069
W00004836,0.47618418494210296,0.8114341004386247,188.75060807021265,71.87560807021265
W00004837,0.4835646654794371,0.8155427172750521,156.03471555744318,2.7132869860145945
W00004838,0.4694423304991715,0.8040938554869935,164.04777814692065,-4.305793281650779
W00004839,0.4615154648512322,0.7950124703938792,187.08257247176715,-26.069350605155876
W00004840,0.49798445509792,0.8536159865723701,142.9380720198696,9.510072019869597
W00004841,0.4864152724285522,0.8337750872857201,133.27549458710172,14.752949132556267
W00004842,0.38396693746627364,0.8910772414134317,124.26842151187182,2.4729803354012176
W00004843,0.4013439970606762,0.8784252306601983,120.46114431086808,2.5557739404977156
W00004844,0.39313920662454704,0.8817490089429683,131.2354399539798,16.46481495397981
W00004845,0.3856473630195247,0.8747549999179873,134.71935327861297,-5.949396721387018
W00004846,0.3885895027270772,0.8873626214498558,128.80887529244256,30.65177913859641
W00004847,0.3935192875510637,0.8650378204286007,113.31269725843792,-1.9552514595107908
W00004848,0.37834684756032244,0.8628608539197817,86.48049744846855,11.214164115135219
W00004849,0.3770390987596626,0.8812639754997484,113.44667927147081,-22.00439215710061
W00004850,0.3697758724370509,0.8837730491708599,115.41626482553819,-12.577539522287893
W00004851,0.36966151014245285,0.8672980167274826,91.58558922133611,-78.40000399900288
W00004852,0.39369190137900184,0.8899049329037971,128.0419890865685,-7.279922678137382
W00004853,0.3859336309167328,0.8539654163576327,114.74262276561613,-0.6218933634161203
W00004854,0.3963933303201733,0.871882475963645,127.81384251430622,-1.994907485693787
W00004855,0.4161491256421957,0.6863124699120927,98.60034696710815,0.6519646141669853
W00004856,0.41976154697018436,0.6640454290118091,113.69170383356109,-8.87722473786748
W00004857,0.41996751177264635,0.6903054427735529,102.34130218906687,5.481999863485456
W00004858,0.4176764600637397,0.671977818958703,92.3052788917044,2.582865098600948
W00004859,0.39882164182085605,0.6453233546363702,107.56658321753443,18.56866655086776
W00004860,0.4118250165502684,0.684076588440769,101.67021720613359,-2.8482038464979667
W00004861,0.41073084418599454,0.6733704856680651,94.99009239983445,-3.601253754011708
W00004862,0.4012366406664258,0.681635903041598,89.95748627270747,-26.58097526575405
W00004863,0.39744478739720196,0.6716130063233526,82.45346360842456,6.058009062970015
W00004864,0.38466099828867384,0.6531160989799514,116.17336855188304,-19.379103670339163
W00004865,0.3911020930419316,0.6614783245537444,100.35908601767002,12.042030462114468
W00004866,0.3831185157142237,0.6660374223872048,89.05928942318967,1.6432083421085935
W00004867,0.4247272366722049,0.678721913058511,96.88605267675968,8.67065732792247
W00004868,0.42938555658141486,0.6468739459251582,126.51899080597506,47.47663231540902
W00004869,0.43465816538733104,0.6646949191068682,105.52064890174856,5.035800416900074
W00004870,0.4364034579423824,0.6817146668429244,106.85762381192002,-0.3721059178096908
W00004871,0.43083226777616956,0.6818580656812149,104.44922430206584,0.5022243020658408
W00004872,0.42793936045967845,0.6589496082655081,120.55803773102821,25.322545927749516
W00004873,0.4194091082928206,0.6211214850165004,122.48489162130932,6.23210315977083
W00004874,0.42201158599410055,0.6372863793532818,117.98275845595813,23.851073270772957
W00004875,0.4155411964658496,0.6011553576012792,118.77122914464555,2.0388228946455484
W00004876,0.3774163799524944,0.6196648099029402,104.27689676804455,-45.65151232286455
W00004877,0.4121998895168396,0.6524059255712932,118.0909977886992,0.2810602886991944
W00004878,0.39475267269217723,0.6018933735174898,109.92833252676982,-66.1181745154837
W00004879,0.4070679600148658,0.6379211813076118,122.24596076262767,-5.251911577797841
W00004880,0.32867793217092817,0.6177955414058587,98.51811664653525,-9.956656080737474
W00004881,0.3495219157109013,0.6347746892443241,99.06602706167783,-31.972075211049457
W00004882,0.4161701577883077,0.6515194403406991,114.51244604243337,-1.3802523702650547
W00004903,0.4397370531044793,0.7409986373050373,106.73151634950314,-39.65933270710063
W00004904,0.47911907070532567,0.6907478192576997,318.14903741852135,-96.18429591481197
W00004905,0.46627286119169004,0.7104464023699937,122.73391658938804,20.70891658938804
W00004906,0.45745626064751904,0.7094701101659278,143.53335706638865,46.47580151083308
W00004907,0.4562321897425523,0.6846961609224003,140.18826091226418,32.29662825920295
W00004908,0.44985839785698095,0.7036470021874668,106.25337660542425,8.439376605424258
W00004909,0.4541031356354587,0.7145153241065466,114.06289055527691,9.234813632199987
W00004910,0.451028874346681,0.7191396524421403,113.70086256617027,6.6176958995035875
W00004911,0.4441100762436737,0.685649492917718,115.48493572441268,-7.773230942254003
W00004912,0.43287569100257056,0.7259453320754935,103.25721067058343,2.524646568019307
W00004913,0.42490107379839337,0.699276674544516,104.01132331336302,-0.8339074558677453
W00004914,0.4259077597674305,0.7277870246300083,109.73488475750324,-2.9109485758300764
W00004931,0.8073242088157316,0.7790737084644773,93.03846267832894,-7.724648432782189
W00004932,0.8377764815108321,0.8200295859573726,70.22820350657675,-32.14314784477462
W00004933,0.8255954350799977,0.8181100227992787,76.08912465526166,-50.17089575290163
W00004934,0.7782655947998177,0.7359709083869809,90.72084080624424,-10.394504021341959
W00004935,0.7816412542541706,0.7309896798849657,76.66766635234583,9.054029988709459
W00004956,0.009202937461144556,0.9574118442243642,112.47758201674496,25.208900198563143
W00004960,0.01805116133934541,0.9717026833771505,125.15655930719333,-15.287519640175105
W00004961,0.019749056450742902,0.9645054583314311,120.47145141245649,-2.2535485875435057
W00004962,0.018214010242221766,0.9530186105058536,99.49598221167673,7.649482211676727
W00004963,0.05376825236168892,0.9118449010290908,85.1705092219982,-3.321157444668472
W00004964,0.3771054501730725,0.7606458299691752,104.71053138508829,38.54748790682743
W00004965,0.35962658497614103,0.7787911331772432,114.1347611409749,-15.269770109025089
W00004966,0.369238989349611,0.7642717166010222,103.20090757859498,3.725387578594976
W00004968,0.3668918393985341,0.7763679147562386,84.81517791244903,-1.3348220875509753
W00004969,0.3647428047526261,0.7700608559984966,88.77305269055587,15.216461781464957
W00004970,0.3546451211644964,0.7497248544940264,93.99549704178304,22.709247041783044
W00004971,0.412456910927156,0.8026588617732835,100.06487569447054,-4.926984770645731
W00004972,0.40802921493865285,0.8079627550614145,105.31546350725492,-12.879536492745075
W00004973,0.4158341442155571,0.788969040304493,73.43835525594987,8.191688589283217
W00004974,0.41038181071326835,0.7847287870001066,70.57778317880773,7.744449845474399
W00004975,0.4078230247917814,0.7928621644844759,84.89062368922912,5.0374986892291105
W00004976,0.4039617481061546,0.7798770992380043,66.82541972610433,6.730682883999066
W00004977,0.40305000457129514,0.7851974722178954,64.39511158254933,-0.08822175078400107
W00004978,0.40276817381310626,0.7978111566678066,75.78349023846451,6.616098934116678
W00004979,0.39512792480963577,0.7796890637123023,73.02403700527961,2.281461247703845
W00004980,0.4003593102189741,0.7882884383848812,69.40340571067995,-0.582447947856636
W00004981,0.3939125135689444,0.7886353091462953,68.65873100835967,5.227209269229235
W00004982,0.3841036464161777,0.7854904410789115,75.44062879955933,3.3850732440037774
W00004983,0.38463245466175494,0.7803575313594973,86.24576417379157,1.257430840458241
W00004984,0.38275157987900704,0.7737051028062487,78.22475590661365,5.294755906613645
W00004985,0.3782152464173427,0.7649313025372825,99.25168334437882,30.75168334437882
W00004986,0.4428692654673418,0.8409323620322091,86.08089826412284,1.2923268355514068
W00004987,0.43873464599678474,0.8495819807477465,66.78097705347012,20.56669133918441
W00004988,0.4429247645794425,0.8117309668898091,100.40928163456573,0.392463452747549
W00004989,0.44372016600802405,0.8278975213112922,102.6499253248743,3.4953538963028734
W00004990,0.436489088823043,0.8362874089486392,93.62044597883597,-1.8149243915343902
W00004991,0.43993708383716085,0.8229144522805855,120.16720797116838,-6.281403139942739
W00004992,0.43953198967962326,0.8003776115275123,99.14403925703905,18.31889110889091
W00004993,0.4324551983095421,0.8255745575707327,113.57789364647104,-8.222106353528957
W00004994,0.43362308333837307,0.8111173671042184,100.76538701327159,1.5030259021604735
W00004995,0.4279721963612801,0.8326553421101653,79.39868852526406,10.098688525264066
W00004996,0.42311483104888103,0.8031111787500105,96.77655160766379,-0.8930039478917706
W00004997,0.4281247545354939,0.7911413513583895,91.87551449006494,-1.1292172172521475
W00004998,0.4228118090778798,0.8126248142351683,99.50444469880458,-62.026983872624015
W00004999,0.4152013645570654,0.8209378056664781,160.08793825067502,-24.605871273134596
W00005000,0.4163284451737857,0.7942984043162484,87.43460837759058,0.5182194887016891
W00005001,0.3693150430923245,0.8564836540056296,79.67709974354159,10.814190652632504
W00005002,0.3824127047897906,0.8213334226685752,98.26692073298854,18.034777875845677
W00005003,0.3714693357747845,0.837526517823111,96.96498903177692,8.426100142888032
W00005004,0.3635203112586218,0.846309087669957,88.14619506582714,4.062861732493815
W00005005,0.3718788992633129,0.8474093448946683,102.77613885567749,-13.018657062689883
W00005006,0.40467518854889056,0.8253569421196457,156.54469298893673,-9.149630540475044
W00005007,0.3995220122870418,0.8045145786924265,102.27633947369272,-11.988660526307285
W00005008,0.39854942575806923,0.8346695842294397,140.86266617481954,-25.81363382518046
W00005009,0.39276720053982894,0.8240786137441044,148.74871874920103,-12.711281250798976
W00005010,0.39900229293310574,0.8144357320673088,114.45554454025789,-6.319455459742116
W00005011,0.3891022149425461,0.8323246269443588,118.22371434324853,9.292714343248534
W00005012,0.3854361831032889,0.8403689166534438,123.10221464799332,-22.817140190716344
W00005013,0.387834974484569,0.7945145803164216,88.47998520539836,-1.5433971475428052
W00005014,0.3914159227081555,0.801063912196388,85.44053884198357,9.075955508650239
W00005015,0.38515962403891424,0.8096407365258417,95.93274449552219,14.656273907286888
W00005016,0.3799345599795999,0.8307150150044452,90.82149953770242,4.59295787103575
W00005025,0.6882788064214307,0.6285491009477455,137.31802756044908,-21.027543868122336
W00005026,0.7020641262981586,0.6370023605141351,126.62695440909054,-7.00850013636402
W00005027,0.7562712279811957,0.7138040139007557,102.77419214783708,12.997803258948196
W00005028,0.7164637601099282,0.618278138855222,146.7685350706013,-15.34903399017216
W00005029,0.7124222078860568,0.630209636759212,126.52991503327962,30.509915033279626
W00005030,0.7029554886819593,0.6476156248543473,119.59387201387767,-35.189127986122315
W00005031,0.6880165055132053,0.6388968780465113,97.36636255699452,9.385512556994513
W00005032,0.6899705421185421,0.65454570257392,118.87603980402379,15.713249106349394
W00005033,0.6739158035975302,0.6404045958434473,103.28200464650786,1.8114164112137274
W00005035,0.7420869983994554,0.6120834064808152,125.62041703245657,-4.541249634210118
W00005036,0.7323148623875148,0.6165380272444793,131.0978695638737,-15.224711081287609
W00005037,0.7036882557227869,0.6655186034605781,139.91445667580305,-4.855781419435061
W00005038,0.7320609743377662,0.6846818697584515,104.01621003278463,-18.24292722211733
W00005039,0.7284047610769955,0.6230112749163598,108.87821842631317,21.21912751722226
W00005040,0.7198815589713509,0.6301812168308981,94.14208444899116,20.50572081262753
W00005041,0.7110736824755266,0.6554879449972046,134.58064549871708,-2.6790913433881656
W00005042,0.113311545746875,0.8862125230175303,96.7648355200173,2.9266296376643623
W00005043,0.11738795206675709,0.8749659320013113,88.37780586333045,-3.7440691366695518
W00005044,0.11648611213053824,0.9069994385846163,117.71187699367276,-10.00540561502288
W00005045,0.12409781750712191,0.8874694958469432,82.6210514456728,1.2703496912868388
W00005046,0.13709930542411106,0.8947853653933907,101.82668874854963,-8.247141038684404
W00005047,0.1150318894550727,0.8965142250325168,95.58317519148551,5.2930139011629365
W00005048,0.104869499825545,0.9037581747603788,112.11970485611825,10.597611832862427
W00005049,0.10407639476399656,0.8867896215618588,102.12653058655384,5.192553313826565
W00005050,0.10834704715106913,0.8937598119802497,114.08256206768154,-5.593047688416021
W00005051,0.09963335389333129,0.8942640627083281,102.52309404882661,-1.006130440969315
W00005052,0.08739339599199424,0.8944301162894737,70.79899591136004,9.862745911360037
W00005053,0.15982134694161765,0.899657353104292,131.1339991305101,-6.818110244489901
W00005054,0.14320122999422036,0.8781366233881818,82.01968040885187,9.462735964407429
W00005055,0.1484651147518219,0.8890421038801963,92.90150349707116,9.409003497071154
W00005056,0.14076722407572737,0.8841972729896862,80.2330738599387,2.5754142854706146
W00005057,0.12939233837546293,0.8843979267057811,79.09826109887945,-7.024815824197475
W00005058,0.13316760860635998,0.875588109816552,79.81068564409894,-0.8312880401115734
W00005059,0.1230687982961509,0.8785965622280317,81.39120016053099,11.87804226579415
W00005071,0.6487430288093171,0.7159483380919123,152.28436243207545,-1.0831375679245525
W00005072,0.6961599203229253,0.7195119165940511,125.17715822851648,-39.86643552148354
W00005073,0.6642112709124994,0.7326012251533375,95.44206846341145,19.549211320554306
W00005074,0.665279403476822,0.729295852157475,114.83644547005198,-5.71005452994801
W00005075,0.6626657086309383,0.7040879712085003,174.20992093757084,-35.69311827811546
W00005076,0.6593783841903519,0.7163341995186142,133.68176607016363,4.6046410701636376
W00005077,0.6453679702734428,0.7086711041813413,172.99995523937974,36.588830239379746
W00005078,0.6441867899236202,0.7258824834340241,150.9409733841261,-12.784896181091284
W00005080,0.1283126882073133,0.778418841138538,80.78245685905625,7.961028287627684
W00005081,0.1343664409359603,0.7734853993604307,79.55451398529999,0.26284731863331956
W00005082,0.13337041858689713,0.7898343053219474,98.17366680625348,-5.801333193746515
W00005083,0.1298099767058219,0.7994301723173329,96.62316507302675,-2.4839777841161066
W00005084,0.1280405722975796,0.761231190270446,89.00858024490941,-5.064419755090583
W00005085,0.11695032164159892,0.7757973508620967,80.4549596714116,7.963596035047971
W00005086,0.11909669312621958,0.7674543425731652,82.01407437327754,2.069629928833095
W00005087,0.12174414866378767,0.7849853783528818,92.39537558895782,-7.457255989989534
W00005088,0.11800305567036663,0.8005944149806465,98.15330749620546,-5.547025837127862
W00005089,0.11679508437258254,0.8114054459331256,95.52407237885296,4.136137596244296
W00005090,0.10351453600295865,0.8103854862836495,97.30641758050675,3.0069175805067516
W00005091,0.10916932895008274,0.7956663994110744,118.13242648694383,-8.06975300023565
W00005092,0.10634711539825888,0.8159679722023863,104.38638941536712,17.18653227250998
W00005093,0.109925584833181,0.8037993708964659,107.66359856029463,3.4408534622554185
W00005094,0.11311330703885478,0.7824201144235059,99.9384671148498,7.295609971992661
W00005095,0.105291376777162,0.7880376786537585,106.17272526362534,6.913915739815806
W00005096,0.09744150380699695,0.798725079695859,94.88810842395505,10.389775090621711
W00005097,0.09225783093332585,0.8064518975390675,108.11212414512121,-2.6655681625711054
W00005098,0.09004269525668868,0.7975053041059549,114.3943040556117,-4.308129906652454
W00005099,0.1416955429448597,0.7858792256982411,86.71048197128081,6.460481971280814
W00005100,0.13862244593561635,0.7672908603188678,81.06639251971463,-0.17598843266631548
W00005101,0.14269967769311231,0.7811446280407901,78.27069158175725,5.774129081757252
W00005102,0.17075706139998556,0.7322724562048447,87.05513015325567,2.119095670497046
W00005103,0.1719661821819954,0.7208955611039435,98.37153821331381,-6.408739564463971
W00005104,0.16592142046822156,0.7239231323762906,83.46909256235723,2.411949705214383
W00005105,0.15910700512117973,0.7141285424154953,85.3523985299457,-3.4211308818189963
W00005106,0.16540738480141723,0.7426068443596036,85.79275951297666,-2.7784904870233476
W00005107,0.1570682819354702,0.7298922453198016,83.75586431191009,-4.191504109142542
W00005108,0.16546719049592157,0.7596136903504267,78.14710758599517,1.480440919328501
W00005109,0.1580771811086777,0.7197043158178331,86.296435831533,-4.256730835133681
W00005110,0.16085736792563646,0.751008136057077,83.35483789452081,-0.8183763911934818
W00005111,0.1535477582093096,0.744295348989411,84.09632332358674,2.8830420735867506
W00005112,0.1584494500952282,0.7605088368925096,75.64120760298569,2.5433504601285364
W00005113,0.14284953173428436,0.7490122450915131,85.79190423937037,-0.6844115501033059
W00005114,0.15036589495860242,0.7539313286836162,79.52046662628793,1.5967166262879289
W00005115,0.14985571518525462,0.7336388502693643,83.4433273160871,-2.393036320276522
W00005116,0.15063630826601734,0.7661778817929104,79.21256400637839,7.754871698686074
W00005117,0.14561473314714832,0.7591985969974581,80.92827505387056,6.136608387203893
W00005118,0.14069937036626493,0.7369665261423023,86.39425745101164,-2.47983345807927
W00005119,0.13481863207780043,0.7500781277362616,85.92702774019948,-0.15191962822157734
W00005120,0.17950405555580076,0.7448722735341767,111.17740362989501,4.550975058466449
W00005121,0.17302502782469553,0.7441500013560365,97.95264870031882,4.080148700318816
W00005122,0.17138001353784937,0.7536390094209618,90.14371807844846,5.673718078448459
W00005123,0.1632631074266357,0.734360554048936,85.57240432962627,-7.108030452982405
W00005124,0.15858014986047395,0.767794082516206,80.65977964923464,6.236179649234629
W00005132,0.06541254983864526,0.9266914715800979,78.08882589715284,5.24749256381952
W00005133,0.05406645814794844,0.9267585967441154,87.64539370313535,4.725593703135345
W00005134,0.03358249988092775,0.9459919050300178,94.13451408142404,6.818724607739824
W00005135,0.04421310254321402,0.9369097522297509,106.8540780343296,15.964658034329602
W00005136,0.03491653886418752,0.9536604136869717,105.43343299140382,-2.1315670085961784
W00005137,0.10780434266605357,0.9195605055672509,122.13624831404911,-15.972513590712794
W00005139,0.10009380766405258,0.9144454598027717,111.96307811666848,28.059231962822324
W00005140,0.08814379292009386,0.9070790143838939,76.48591391067639,1.2398354793038493
W00005141,0.08823135532439691,0.9146069313954788,69.97085977826512,5.065731573136915
W00005142,0.08048308407383653,0.9145649137236809,78.03840482679192,3.1627291511162383
W00005143,0.07772217672412841,0.9098146354835627,77.34673465678648,3.7067346567864803
W00005144,0.06529687303498129,0.9179854099847131,78.95779601840715,2.627623604614044
W00005145,0.05476899621292873,0.9389561979768873,108.5006413076848,-17.50470295461028
W00005146,0.045027292428835346,0.9436858308468601,106.23566293675906,9.771723542819643
W00005147,0.03783565051785027,0.9566393093730061,111.74250174384045,-5.08083158949286
W00005148,0.4594242686071402,0.8575124940771552,183.38227049781514,-6.157562835518178
W00005149,0.48609471998701864,0.8992749020689871,112.90187931036596,-40.717666144179475
W00005150,0.4806551470597553,0.8815182468583761,142.1434481175041,-22.20014563249589
W00005151,0.4707478258555444,0.8676191619174258,164.95180372786928,-1.5454184943529299
W00005152,0.5035752502288781,0.9215065939917673,109.85805123398781,-2.5440916231550403
W00005153,0.5031718837119945,0.9089274465214111,121.19275840173887,-18.359278635298182
W00005154,0.4964067222173071,0.9166837901568076,97.64556286506088,12.764848579346591
W00005155,0.4956276743553751,0.9002225036787559,107.93038257482903,3.9264352064079873
W00005156,0.6553492259097061,0.5973110757425439,136.00876982857645,-5.356422479115878
W00005157,0.6405975361484704,0.5950634654119136,138.0974024581296,-1.259716589489443
W00005158,0.6273817295892584,0.5816180553266173,113.11250111952957,7.640501119529574
W00005159,0.6274981575410608,0.5916800632795425,128.11823033691434,-3.7067696630856517
W00005160,0.6148719592989531,0.5725267638584903,106.02525832915629,5.0966869005848565
W00005161,0.8793145408961176,0.8583779756273945,79.8681833099143,2.9237388654698577
W00005162,0.8951535496897338,0.8443141711019339,75.55599223136305,-40.932305640977376
W00005163,0.8979133428364181,0.8613911376269936,83.25815888459942,1.768209732057045
W00005164,0.8952019665485856,0.8751535749126219,84.91760853930315,-1.288838829117907
W00005165,0.8877255214791822,0.8483305565710033,77.7519529298765,15.421560773013745
W00005166,0.8881416575133926,0.8535374934370256,75.61922604048526,1.8192260404852618
W00005167,0.8781896215372766,0.8660822121942277,81.16068686775336,3.1312751030474715
W00005168,0.8598329009647154,0.8309124254155873,68.07218730676674,4.986426437201523
W00005169,0.8714849489240863,0.8557298879069304,81.47426714460687,-3.7836275922352343
W00005171,0.9115742046307646,0.8378165170916179,82.00290469161357,21.39576183447071
W00009772,0.9377989301076675,0.8630381401392598,97.96978372746474,-2.374953114640533
W00009773,0.9206588040778534,0.8433464551429007,109.835033356251,-10.986395215177566
W00009935,0.35126134931089,0.757247853118015,119.10110104706213,-9.825353498392403
W00009936,0.5133428042375271,0.8729556124567632,175.68124932152446,-43.71591139276126
W00009937,0.528985731191143,0.8736427947234129,151.090186136276,-5.693147197057328
W00009938,0.4615737539419312,0.7618840366237053,109.37032302778896,17.466804509270432
W00009939,0.453617893978254,0.7495070225101531,155.67452515041288,-20.584541516253807
W00009940,0.08153894788622575,0.8023491425545225,146.94695159056891,-35.16481311531342
W00009941,0.0920927285861946,0.787959564450794,129.9429864029752,-7.325130480141695
W00009942,0.35662364519715756,0.7574548584625349,125.93434988967256,-12.39470671410102
W00009946,0.3610032140553216,0.7623769193804582,131.76299288213528,-6.644593324761274
W00010070,0.20554973952332392,0.29876804212082453,119.18194804890747,5.574262863722296
W00010072,0.20904728527200925,0.330908869848801,191.9727508186304,-32.75147367116551
W00010073,0.1927113043921995,0.20983220711924033,211.8674690806149,-24.793245205099367
W00010075,0.24621118764238473,0.3444413029145915,118.5864337184199,51.260808718419895
W00010084,0.5180295926588421,0.36227061260860566,186.49845365962324,-23.449933437150833
W00010087,0.25937550836631246,0.12702289666411237,168.62085161132126,12.528543919013572
W00010088,0.2511158841206005,0.12486460610818424,194.4866299074603,-4.693995092539694
W00010090,0.23803993794453654,0.35475210988906714,112.86289325407691,-2.1896067459230864
W00010091,0.21617161716173566,0.346942875271288,153.68944541417392,-27.23004733944927
W00010093,0.2176086707383421,0.3822561557970729,194.74342110672004,-24.097586705779975
W00010094,0.21402118752649654,0.38719570173756146,194.5100551985423,-8.496329801457733
W00010096,0.21065518569025987,0.3545213681553004,188.03279418099086,-18.886844116881548
W00010097,0.22690597190821274,0.3713165650638234,145.4764144492245,-18.236646775265285
W00010233,0.3599420027839738,0.05064389465583677,153.14778323285694,12.372294343968065
W00010234,0.366004411599918,0.04260557893168914,131.4285752415271,-26.127674758472892
W00010239,0.22926573773259332,0.3954797048419917,148.9637696354529,-9.524934068250815
W00010240,0.23354803291484932,0.3874880210002158,131.0971149997957,-0.005344016597717882
W00010241,0.33115014827666167,0.39027845196162936,112.27842491636342,-10.868517561512675
W00010242,0.3263283409886098,0.4203512021061273,89.83634069018366,-3.005815559816341
W00010243,0.4628582171521921,0.5357042807395213,133.59190282761864,12.886051763788842
W00010244,0.24151484598325135,0.3906184945584538,106.95136958351686,5.7192267263740035
W00010245,0.22824943438549244,0.40515677163255864,156.95728750111945,-10.43934293366317
W00010246,0.32386127024719147,0.39301415426109715,114.22457004229165,-11.718454054093911
W00010247,0.4838095397522623,0.5285775371160196,157.47062580363234,1.3441602863909452
W00010248,0.48344635965741706,0.5203625538374941,159.29121868332356,-9.215303055806856
W00010249,0.4904016152688356,0.5106169544197935,151.91369393792726,-14.62031751245442
W00010251,0.20767188306815332,0.29657348232304787,128.13807180189,10.172071801889999
W00010252,0.21216885637063546,0.3735411441798171,202.6706187416722,-8.836460803782359
W00010253,0.2160830889955954,0.3728217139945082,183.87237256316155,2.8341582774472442
W00010254,0.18563567730165273,0.18390470651876814,316.1068682726089,-13.831977881237208
W00010255,0.2429080890921742,0.35076460163136775,112.85204464668634,33.488408283049964
W00010256,0.5183308030373986,0.3781806684770817,171.09053596253804,35.2272026292047
W00010260,0.4503165298972646,0.4703812010013661,149.2579564651752,-39.59463389627061
W00010261,0.38395116335668167,0.1766592487947098,148.27298076030692,-13.625685906359735
W00010262,0.3908512095844801,0.21584951794117604,78.21601709791663,3.327128209027748
W00010263,0.3852003226073871,0.1875297360416629,135.9873510698997,7.293541978990589
